B:
-6.715781149745843E7 -8.10790131661587E7 -7.316883812621585E7 -8.495903747285363E7 -3.0921357007954627E7 -9.982026416127583E7 -6365139.313751608 -3.180702179845506E7 -1.803731829161404E7 -7.666953703510702E7 -4.185871731363835E7 -7.01687225922626E7 -9.715542397424152E7 
D:
-4.4335464564044006E7 -478578.9940189868 -5.664195513323754E7 -4.568834022649895E7 -5.37986604782558E7 -2.6982901955805466E7 -7.473374789504543E7 -9.880523726663606E7 -7.340090295102052E7 -4.400135690839402E7 -2.2392465904120415E7 -3823806.282600522 -7.484144242802344E7 
Z:
-1.3400735830571681E7 -8.264913786693129E7 -6.058851904906432E7 -7.24835703220894E7 -6.959718891655579E7 -3.2003590801226944E7 -5.176273637381475E7 -8.305831779487084E7 -1.1115760624087393E7 -7.781210368845084E7 -6.2177106740721665E7 -2.0410602070583746E7 -8.035019195705456E7 
MC:
-4.9429383940405115E7 -5.3466572494620256E7 -3.4366849840707466E7 -2.700336680829762E7 -9.8228796416447E7 -9.919311928927311E7 -4.411162499536483E7 -3.8091062498607054E7 -8.887078979674968E7 -9.649125320995115E7 -4644488.389389783 -2.6669070405090347E7 -8.83106613752165E7 
-5.2988049615588106E7 -7.994677507415225E7 -2596040.3772464246 -8.003280774358629E7 -2339437.657971382 -7.842171690114854E7 -1671775.148036331 -4.886975918212225E7 -2.8189227211908236E7 -3.497980236628971E7 -2.4393058322196677E7 -9.651033802240884E7 -7.469727294249496E7 
-9.98249472233943E7 -3.2346395571409643E7 -5.942245124254178E7 -9.199795294178681E7 -1.6555607515028536E7 -6.890944729849085E7 -9412030.051390946 -7040025.403577462 -4.1628548770028114E7 -1.146023406504339E7 -2.2410795022423804E7 -2.422375076875712E7 -7.354161206141001E7 
-2.4695559971241564E7 -3331574.306968704 -4.609101360144899E7 -2.3275385097809836E7 -6.893745240698135E7 -5.3951041717912175E7 -6.203904963793888E7 -6.7592297354074E7 -2.345870849661544E7 -6.6775763901521936E7 -8.261816126713987E7 -8.372522302522719E7 -1.2886061359860152E7 
-2.0718622608502418E7 -9.843872906166907E7 -6.77963314034104E7 -7.464176478831665E7 -4.4158720152993515E7 -1.6052599859330222E7 -8.999041333945012E7 -7.716174425606693E7 -9.757896381406759E7 -6.838884386854069E7 -3.706564156118063E7 -9.228083660096665E7 -1.1471667129060715E7 
-1.4413641215949327E7 -3.721818364989785E7 -4.07029493334779E7 -9.557354181925118E7 -3.164895794164525E7 -5.362578606385831E7 -6.68763429922694E7 -1.2737598052691802E7 -6.6024532803720325E7 -7.117895360987373E7 -5.887156749188084E7 -8.487052768120222E7 -3.625241954173819E7 
-8.596703521993876E7 -1.0011916661452085E7 -6.936024760896635E7 -9.450336895329835E7 -3.902001679008573E7 -2.2033638427525714E7 -1.228941365769875E7 -2.1628974513510153E7 -1.4615519004756778E7 -7.445546939185789E7 -4.9476716765282854E7 -8.351350576314658E7 -4.914399421010146E7 
-3.1614380209222466E7 -8.800899028820269E7 -9.535410137968941E7 -6.90838108648688E7 -2.7476816057684034E7 -5.942313657768359E7 -3.2757886587410882E7 -9.607140157638091E7 -5.886199344906901E7 -9.106804009774381E7 -9.250941023191996E7 -2.336033802315177E7 -3.011623142070283E7 
-9.442273920210445E7 -4.170162802611188E7 -8.114673448787823E7 -2.6554561208260596E7 -1.826813458262734E7 -1638516.9902891219 -6.829697840092008E7 -5.013829121853346E7 -6.060573226903418E7 -9.250726066692783E7 -3.494742781395858E7 -2.8884442891941234E7 -7.608790735338575E7 
-1.6282740155855268E7 -5.425422923280644E7 -1.1405418708959863E7 -5.547031727324256E7 -7.866698716287439E7 -2.2255082329750538E7 -7.975453617267054E7 -9.021818189833018E7 -4.608101449171403E7 -7.236332015669492E7 -5.740545315413361E7 -6.88942473920042E7 -816345.1896321774 
-8.544829916746095E7 -5.472078507989931E7 -8.232730672655472E7 -9.641838589328949E7 -1.7764644678581417E7 -8.166767705537678E7 -4.180630785178634E7 -2.6213620730492473E7 -5.717655018650131E7 -6.68152866883432E7 -3.866610988136162E7 -607464.747052744 -5.318187906935913E7 
-5.280161787736507E7 -9.462708370944735E7 -8.336943872074945E7 -4.817440470438513E7 -9.148439614933158E7 -7.012182185767025E7 -6.358721172410955E7 -6.619117674950784E7 -3.689304691630344E7 -1.258836613041778E7 -3.831083999166437E7 -9.107551759444547E7 -3.0876211555285558E7 
-3.833033793618472E7 -5.1123437033149585E7 -8.854480647362618E7 -9.499152457848714E7 -5.0040628340077445E7 -7.396429166239749E7 -9.608576550249933E7 -8.27117750514668E7 -9.745621590654084E7 -3.3495377393444173E7 -2.0908597783869714E7 -8423870.765434787 -9.085789625376883E7 
MZ:
-6.91419347046269E7 -4.9374857957412E7 -5.397440074241558E7 -7.624977348668444E7 -6.765274292825606E7 -8.137259557184717E7 -5.9667937199134655E7 -7.704940100323473E7 -4.8615503162263066E7 -6.004586004657783E7 -3.465150082494863E7 -9.999065533366995E7 -7.682758408324482E7 
-7.10942715718177E7 -7.152107155946158E7 -9.268740765531954E7 -5.0762255258822896E7 -3.6541951196096465E7 -2.176325269485174E7 -2.6927252579582676E7 -6.158537300540574E7 -2.5433684938987255E7 -8.229761077922876E7 -6.526057232299372E7 -3.426729350540202E7 -4.8349821708932206E7 
-5.8912537318724155E7 -4.882134702294788E7 -5.129967854439013E7 -9.39399583621984E7 -9789822.426195964 -2.156221525901833E7 -2.0366672901395366E7 -3859078.5394933075 -3.1590470011426315E7 -8.020735173345912E7 -8.003478386320312E7 -6.754844174824351E7 -3.1726639713137046E7 
-1.0222873308179706E7 -4.2115640813292176E7 -5.0237015019261114E7 -3.347193081378804E7 -3.597552690591129E7 -4.5820651897159114E7 -4.6347961964593075E7 -8.546457553767581E7 -7.799653197439845E7 -4.7166408368753806E7 -7.61781689110279E7 -9.393545509910573E7 -7.188855687727478E7 
-8.730458243268447E7 -1.6277501620504081E7 -6.464518418979279E7 -6.190986993126238E7 -7.553980663705486E7 -7.338797507759973E7 -3.20418699964021E7 -3.764082914483402E7 -8.676398467129907E7 -7.811169270731336E7 -6.555346581446675E7 -3.438393783897116E7 -8875234.138618857 
-8.765994980851015E7 -7.720604396449944E7 -6.706983333682406E7 -8.346456956228934E7 -4.709451948688723E7 -1.0911559170553878E7 -1.3437611001764923E7 -6.2643224367812924E7 -6.540574065774901E7 -7.179612839935765E7 -5129030.659243345 -5.634840290573941E7 -1.6580572490606353E7 
-5.384210957772949E7 -2.508221314190869E7 -6.780505998830017E7 -7.649744530843966E7 -4.589465339332112E7 -4.623155887115363E7 -1.0036165977742776E7 -5.404325919372841E7 -3.973571198183373E7 -8.001666349029171E7 -6.340376760052086E7 -6.928154598345608E7 -2.945588111564219E7 
-3.3574176211267725E7 -7.31279804879002E7 -7.280932738361055E7 -7.875674823016272E7 -1732552.6653523892 -9.657088919322053E7 -8.862386813331933E7 -4.209376626693811E7 -4.4050813053426296E7 -9.278721540144177E7 -9.787907772936977E7 -5.672206542570422E7 -1.813849879532981E7 
-1433399.1963248104 -6.284490172472618E7 -7.573489652956839E7 -5.8365069893713094E7 -8.45916197700921E7 -1.9191658079308122E7 -8.708679135505962E7 -3813158.808171898 -3405146.1107441336 -4.0404884175294675E7 -6.037081983606063E7 -9.095109079651284E7 -7.163615961593938E7 
-694780.9759523869 -8.17717405645737E7 -3.499628583217872E7 -7.034718390711723E7 -3.2198028706421226E7 -7.814409337961043E7 -2.9312145686854586E7 -2.1871933559807405E7 -8.85782800118345E7 -9.356672123551717E7 -9.442719794595593E7 -7081383.344947949 -9.031523532001486E7 
-6.600245746349308E7 -7386327.519544989 -6.76655772758882E7 -3.7030847260920785E7 -5.7844155454650104E7 -3.814002910418933E7 -6.474168169862158E7 -2.913470020849964E7 -2.2155492210212484E7 -1.2548708888305187E7 -6.6563462173734866E7 -4.487933835155189E7 -3.6317381890598014E7 
-1.132514759438315E7 -1.1447366257161617E7 -6.959976601925771E7 -6568152.031586587 -859355.909777075 -3.724513042686834E7 -7.147003733469127E7 -4.057799461278215E7 -7.53661046554344E7 -8.578272847752953E7 -6.25434220773813E7 -725523.214607656 -7.016656257206427E7 
-7.965029782613035E7 -7.51512090537577E7 -8.814663549210934E7 -8.316150531870851E7 -2.9567525136521474E7 -2.191879475273156E7 -6.690321517049563E7 -1.567469965738289E7 -6.326383751977161E7 -9.271637661838105E7 -1.877155741231808E7 -1.4841154416733444E7 -7.140255877414905E7 
MM:
-7.379502291907008E7 -2.2177721016028523E7 -6.758600343052691E7 -4.2543066432652876E7 -5.316765094329891E7 -7.370939435763793E7 -6.098587950593292E7 -7474787.696525425 -1977889.2386409193 -1.7411169210438922E7 -8.542576302277419E7 -3.34717705233477E7 -9.415850152595934E7 
-1.5722474232110247E7 -1.546036949241224E7 -1106342.6511952877 -4.611458508363382E7 -8.644478627074105E7 -5.866018625439593E7 -6.022529290669864E7 -2.4475358753982425E7 -4.25270382055955E7 -1.496845082378517E7 -9.753178668218242E7 -8.314198355319685E7 -5735503.464648515 
-3.8216388669293135E7 -5.5931093433467716E7 -5.0917395937852606E7 -2.142680898511769E7 -3.744013184041687E7 -2.538806754832445E7 -9.793778126109333E7 -7.967003122923765E7 -9.851386673625113E7 -7.65091387723616E7 -6.293388061493646E7 -4.786618761501056E7 -4.635981554238717E7 
-3.1401437372350127E7 -2.4033909429703996E7 -4.179080515725194E7 -4616784.506336108 -6.157649060787894E7 -4.337848727862347E7 -5637533.870503053 -4.314505085362692E7 -6.975581349118471E7 -1.0251566769830123E7 -3.7168186158789374E7 -3.411653079341496E7 -5.140050687861479E7 
-4.87399037092135E7 -8.147686721767913E7 -6.468519507238302E7 -4.2626891682783194E7 -4.411726797647616E7 -2.615325233010082E7 -7.835383518912873E7 -4.3884966299999304E7 -7.72081416868006E7 -6.1782365173353374E7 -3.814935833452305E7 -6.336639707806838E7 -3.7919255104661345E7 
-2.4745601645086125E7 -2.2589885823198035E7 -5.0573546742324404E7 -1.793592226073751E7 -1.419004595668742E7 -8.017302438551913E7 -8.882088153587922E7 -5.826369322258673E7 -7.181050374627435E7 -7.973578411904848E7 -8.565501464669363E7 -4.985449643704035E7 -3.1740995129753217E7 
-2532686.45012486 -4.2269384989222854E7 -5.4989964078594744E7 -8.837980728488754E7 -2.7249728046628058E7 -9.69544927198138E7 -3.3403285614421606E7 -9.237453727497122E7 -6.14179200627335E7 -2.346440902881305E7 -2.0304494825466797E7 -6.927094332194863E7 -7.18112926500178E7 
-2.289517873648292E7 -1.3532712316064969E7 -6.148168483948158E7 -6.241022196167652E7 -7.726049117492409E7 -8.399244075390235E7 -2.2258448376368552E7 -4.138218817583615E7 -3.441491919853782E7 -2.7339607783004656E7 -4.025328978129213E7 -8278019.77411513 -6.73148392794138E7 
-2.556665535343507E7 -4.503231410436024E7 -7.926286979544507E7 -9.582196821080653E7 -8.469455729046822E7 -3.7557230892319426E7 -5.169722555320937E7 -7.634434058597675E7 -5.921325696687422E7 -5177611.783030361 -8.975435913039087E7 -5.3574347988816276E7 -6.522056602775468E7 
-1.807904231659895E7 -9.000668946544376E7 -2.942334901112689E7 -2.2393230571933582E7 -6.3409714228716284E7 -6.0034682121467896E7 -3.6967159985252894E7 -4.998240565794924E7 -5.4460324334419474E7 -1.4107942336013302E7 -1.1806621053325117E7 -7.395938662212315E7 -5.529950595344796E7 
-5.78592752551996E7 -2.9712235482774988E7 -8.124605792565909E7 -8.616935906699309E7 -9.861861389752886E7 -2.7761765894789934E7 -8.264809983434655E7 -2.1722977950850382E7 -7.969473712097678E7 -4.6394478365468696E7 -1.8667572960762084E7 -6.283825652619646E7 -9.538886851128854E7 
-2.1895595749626204E7 -6.180515209045339E7 -5.326953458493143E7 -9.889530338967994E7 -2.278932840462327E7 -3.527076088152694E7 -2.4801042488124132E7 -6.74902697932898E7 -5.945876064926128E7 -8.120510606548014E7 -8.884343505010232E7 -3.853143485301216E7 -4025637.421411127 
-7.157306638259347E7 -4.856703224144081E7 -7.578641516917065E7 -3.711299783946921E7 -6.182354641581572E7 -8.369272742325634E7 -6.847986606698905E7 -8.957841422930007E7 -4.121902777483596E7 -5.996390988491218E7 -5194752.535313159 -7.064544330990756E7 -3.4421569691483356E7 
MD:
-3.710002997596969E7 -1384510.944335103 -6.907576871674296E7 -5.648066643730796E7 -9.268482816783677E7 -9.274891930523916E7 -8.11143021028345E7 -1.780193058629112E7 -4.496956917665592E7 -3.7097581034871206E7 -5.7904423801179275E7 -1.6984195482304618E7 -4.497396270386155E7 
-9.457099739208016E7 -7.591031374606006E7 -4.7596165340339445E7 -1.7544826815563783E7 -8.021033146509427E7 -1.659822023726736E7 -8.002242563123739E7 -6.2184848217891E7 -3863057.9338639528 -9.621836086580533E7 -6.1442114064741395E7 -7.749117662518573E7 -3.0282743337376133E7 
-1.2993921170563132E7 -5812241.4561379105 -4.7945910540004455E7 -7027364.725483879 -7.736358654400763E7 -2.1411190370192066E7 -2.857788890599875E7 -1.9381589597479105E7 -6.113874067450562E7 -4.6056514808615066E7 -8.166753765231079E7 -4.002461835973201E7 -4.3526430315564476E7 
-2.9544791011978686E7 -6.019387235423414E7 -4.653619987633781E7 -4.5933963511628285E7 -1.9169836786720753E7 -9.512508636631998E7 -8.207960482585561E7 -3.3310907391861357E7 -6.7359197658358E7 -2.7931530856539696E7 -3.372134970812115E7 -1.7499012556572795E7 -9.052745070776737E7 
-3.5852186563212074E7 -9.884364919447005E7 -2.7650561122643277E7 -6.517837616087947E7 -2.5473120094450116E7 -2976597.8261624426 -1.4240346768043682E7 -5.1096748811101355E7 -2.007872988882816E7 -2.2123201629442036E7 -2.6536422968330204E7 -8.215400978736185E7 -3.801394968603265E7 
-4.927149023324931E7 -4.8609587125473574E7 -6.281070547312083E7 -5.294789962035768E7 -2.82839913733055E7 -9.605136901664293E7 -5.283219042255286E7 -4.24568447648881E7 -5.872599423593834E7 -6.453520647887995E7 -1.4042644676270515E7 -6.87466457328819E7 -5.244007669188205E7 
-8.219525127406512E7 -3.112609451142499E7 -9.46122194293967E7 -9.679550588852206E7 -5.051218445297332E7 -3541683.966921568 -1.8883940276064217E7 -5.053717501566214E7 -6.298517413955658E7 -3.755404763356946E7 -1.8638124553382874E7 -6.60298648168291E7 -6.733401029265524E7 
-4.6188254879043646E7 -1.0351235715598613E7 -9.643968396506344E7 -8.531529652621737E7 -9.06023409914861E7 -8.895467976055902E7 -8015690.810220405 -2.4451368480799332E7 -6.892907409607346E7 -7.239945315406813E7 -7.613069926602632E7 -8060521.8426796645 -7.807218954512848E7 
-6.986724236816752E7 -9.9111464976092E7 -1.3941926523298085E7 -4.025091391888092E7 -4166913.40007022 -1.6134478241024166E7 -4.790846747579752E7 -9.927018389963077E7 -5.3132680633871734E7 -6.458470039262709E7 -8.607558729941718E7 -5.1552585800314374E7 -3.0992565367408752E7 
-5.827067648863179E7 -9.940407673146954E7 -8.390162195328543E7 -8703146.579624489 -1.076058109568283E7 -2.545955310180819E7 -4.37744773185874E7 -7.21488867752485E7 -6.784974608702725E7 -7.569125369929384E7 -6.852611339089164E7 -3.888171349139089E7 -4.979147319514105E7 
-6.174761368311124E7 -4.764504666423379E7 -9.772885111910929E7 -3.741887136334387E7 -9.143589219352879E7 -8.643479907111798E7 -1124250.271653831 -6.6656641508066714E7 -2.3898025550066575E7 -8.090361575795133E7 -2.742130980656348E7 -2.3167820878493175E7 -8.441468147123335E7 
-1808576.1578250527 -3.97219148799146E7 -5.30015568775521E7 -2.196433149213089E7 -2.085888470051241E7 -9.890918417257163E7 -2.6104086453969076E7 -4.725405019430553E7 -9.401671053206861E7 -4.15986323325942E7 -7426217.71661523 -1.5403522603246644E7 -4.564248110491403E7 
-8624827.444191456 -5106675.224267021 -1.5803645492395774E7 -7.291521019839388E7 -6457943.222838342 -7.683177036319292E7 -1885916.3706762344 -1.2516984148280412E7 -2596953.6047689468 -8.39679531085767E7 -3.562868400649816E7 -8.100431812534142E7 -9.651359195692204E7 
MT:
-8.84348987242546E7 -3.559110913112318E7 -1.6597745089329556E7 -7.012347758112714E7 -8.953288407869805E7 -3105612.7483894676 -1.3304510899762347E7 -6038229.491885409 -9.705927599071582E7 -5.8974387643923745E7 -4.834791354153649E7 -6.800467040938447E7 -3.304507330259429E7 
-5.2605371207177036E7 -6.081038771189533E7 -6.596460200627135E7 -4.731352729449404E7 -6987984.158562839 -4.32060232853011E7 -7.807098050844055E7 -2.180896077570565E7 -3.62487111645771E7 -5.838181444411959E7 -7.377361295458345E7 -2.5265005775140196E7 -1.774152619868505E7 
-9.17055297729179E7 -7.573992546181905E7 -6.3277551912753895E7 -1.771789768768148E7 -9.293168279342021E7 -1.3903615781231701E7 -4.921882571198241E7 -5.8586087046538405E7 -5.34456598151782E7 -6.233638979068683E7 -9.867507269035451E7 -7.660917698031811E7 -2769700.609486133 
-8915332.940222934 -2.4211469345318466E7 -5.160617995438291E7 -9.327295889787953E7 -8.891074876495776E7 -7.82638948349734E7 -9.48104053422791E7 -7.396153687063214E7 -1.6646754771073326E7 -5.98283879457933E7 -5.750409238104705E7 -3.3032901832479E7 -7.428914106931357E7 
-6.536513280264833E7 -7.138818691956094E7 -1.4562747165220112E7 -6.359241462225821E7 -2.59549383424145E7 -5.186093829789261E7 -8.725094995399168E7 -9.509032303703742E7 -3.1242282631927446E7 -8.746891076960015E7 -6.258680682606125E7 -7.974138855726959E7 -9.607005386165798E7 
-2758768.983016908 -2.6102431746241078E7 -443439.9344789982 -7.795725896790382E7 -1.75980684522617E7 -5.8566669389835514E7 -7.510842274011952E7 -2692005.044220105 -3.374817771742327E7 -8.403060403053097E7 -7.914108665934438E7 -1308229.396062851 -5.906220020225377E7 
-8.856919168511344E7 -7.31925539716951E7 -4585648.34681052 -3.1145709744724333E7 -7372292.204529613 -8.196206709637746E7 -8.095861206957556E7 -2.565787995099117E7 -7.852182459456512E7 -9.15975810252614E7 -4.034051149001917E7 -2.9645492791541874E7 -9350476.353189811 
-7.689819692647764E7 -5.986660224114268E7 -2.739208948875469E7 -9.571092942139266E7 -3.5048791740595445E7 -1.792910695412925E7 -8.522945389940551E7 -7.579317925018698E7 -9.001952709532417E7 -5.0124618269938216E7 -3.2598362977904156E7 -8.83111017692358E7 -4.104028787882816E7 
-6.485485730163854E7 -1.9360489436540455E7 -3.993806404989174E7 -5.971238712679038E7 -7.731802749935077E7 -8.395307967514144E7 -6.880487702169022E7 -9.334732238323234E7 -3.849896794900644E7 -9.344297266679823E7 -1.96820984334172E7 -7024584.50902462 -5.051254481124587E7 
-1.4876279368057966E7 -2.2152186664700985E7 -9.363797987216246E7 -7.12756869457432E7 -4.7534966489178285E7 -8.563565203056431E7 -9.985217945504883E7 -1.9979662017273188E7 -8.780136869820839E7 -9.456895220395762E7 -5.641861575444262E7 -205244.91504983604 -1.2296527960368708E7 
-3340421.8791664243 -6.3702169030577525E7 -5.9769482266490415E7 -5.0798110012280576E7 -9.377418517549554E7 -6.754739596927926E7 -5513940.791156858 -7.81584610378833E7 -6.801054752825004E7 -6.6765484304688714E7 -8.724035264755648E7 -8.403324377726784E7 -6564959.885062426 
-2.1550337094775632E7 -5.78706657625125E7 -8.069591086174552E7 -2.5156291920061186E7 -8.203466506343009E7 -6654659.479011267 -8.255314141662027E7 -1.4578648981138036E7 -2.7974204473344073E7 -4.8869296038239785E7 -3.619117016839961E7 -4.544967573440707E7 -4200576.253914714 
-3.895015189874601E7 -9.687285226926795E7 -6.410178924222428E7 -5.201065245187363E7 -5.4366302726367235E7 -3.637005613707095E7 -9.719141972367798E7 -7.406257167718291E7 -7.479617985286549E7 -2.785591992180924E7 -2.0784949056842312E7 -2.9625993442213565E7 -5.52829654828276E7 
ME:
-8.629626178986825E7 -3.473857899670919E7 -3.818643705988804E7 -6.304422625114935E7 -4.736934875209231E7 -1.5122986583537385E7 -7.243092849082407E7 -1.5481558336296529E7 -4.440802757986291E7 -9.625225432722849E7 -4.6544532179186046E7 -2.1682096292513594E7 -9.119808326849599E7 
-5.9560048462644435E7 -5.252466853146414E7 -9.132488466211112E7 -9.868153505326387E7 -7.912474432848085E7 -6.587247236652479E7 -3.3401135532041162E7 -4.5703404179938056E7 -9.307870775286983E7 -3.254778720540659E7 -2.252854088621095E7 -8.79053764155618E7 -3.6445516864254005E7 
-6.147674447779754E7 -6.288587918105962E7 -2.4709567273072153E7 -8.41326200217067E7 -8.117818897450869E7 -2.8915270246122286E7 -5.2050481771193646E7 -1.2865361302721724E7 -7.522761926224017E7 -7935472.17433843 -8103112.128501177 -9.77820329328042E7 -8.930456246889238E7 
-1.268080481637983E7 -7.071988990409762E7 -1.3218126060360998E7 -2471747.021897629 -7.15262587705936E7 -8.862918239868762E7 -7891576.68808192 -7.711170651985312E7 -4.0780548929767676E7 -2.3662710841097206E7 -7.225939782695341E7 -4.559880817979417E7 -1.6924902827055573E7 
-4.836924519131157E7 -1.0249672902884051E7 -5.7312096584577136E7 -5.704648059509033E7 -8.233669214251627E7 -6.888148445061743E7 -9.699658106171696E7 -4.296143229888214E7 -6.138457586767292E7 -6.74689482937711E7 -9.475805889671834E7 -4.864367098151316E7 -1.6503733436673477E7 
-3164106.3026557565 -7.912881862631518E7 -9.157155643818498E7 -9.400990399552691E7 -9.152703918601789E7 -7.766894463633084E7 -6.647575908210598E7 -7.484273506562614E7 -2.9620146925293714E7 -4.447031209464325E7 -7.471765892920646E7 -4.928156217903372E7 -4.480713969280276E7 
-9.070765729710513E7 -7.414878684203562E7 -7.356415888642444E7 -1.4995858096338063E7 -1.303348925542508E7 -8.279781170912509E7 -7.698454021073398E7 -1.549769074902761E7 -5.514093374004235E7 -7.510276241142139E7 -2010666.9786780775 -6.398486787865773E7 -220954.45443211496 
-1.1652217926432371E7 -4.580282128595921E7 -9.821057104739246E7 -7.631773285657308E7 -4.252030837952573E7 -2.9228228968684033E7 -3.1215387533574253E7 -6.2738326239890784E7 -2.027643698199849E7 -4.905734088477059E7 -8.567716247274804E7 -1.3700107743338957E7 -5.162179766802264E7 
-7.049205701539452E7 -1.2870002373908177E7 -6.5301749124931775E7 -6350756.146343902 -9.051599200049266E7 -5.2381686100079104E7 -6.368096523053334E7 -8.895633766530627E7 -4.777174948271884E7 -8.629738357618254E7 -4.5874470456725344E7 -6.169512651828524E7 -7.176000465394823E7 
-8.59911552751097E7 -2.04230357668975E7 -8.829797026185377E7 -5.312002096989024E7 -4.097532316406509E7 -3.2166820855354145E7 -4.4758989820512E7 -7.759111666693869E7 -9.7441339607709E7 -5.4953489540764876E7 -1.7756480406101286E7 -9.896938705840406E7 -1.9184477611323997E7 
-3.71340361507256E7 -8.22553981510428E7 -3.0963877790179178E7 -1.5538116944469348E7 -2.774851066437891E7 -1.771218009578891E7 -1.4321197093477756E7 -5.975216043656012E7 -3.620621383203371E7 -8.704880310500774E7 -6.392747808220045E7 -4.693355872186128E7 -2.5042269026167467E7 
-6.418402540650491E7 -2.081134834081012E7 -1.3225596805138826E7 -3984850.1337106377 -5.440586944704805E7 -2.606148063238831E7 -5.733618462592383E7 -8.409460685360576E7 -7240490.841855556 -9.76371173048997E7 -7.183397082482903E7 -6.314029920115223E7 -7.371870986534709E7 
-2.6889808546478987E7 -4814676.080540448 -4.765185351431861E7 -9062502.727636456 -1.932942441336456E7 -3.2598692706676185E7 -7.32445311697582E7 -6.780990716345468E7 -8.375739832517767E7 -3.1054513547523215E7 -6.283512657624726E7 -8.126787903123137E7 -2.5354943266607195E7 
A:
8.7197161956586048E16 7.6841091983386928E16 6.369495881126328E16 6.8642034747779408E16 7.7410140934040688E16 7.1924529610974848E16 7.240672201321096E16 8.2441281962400832E16 6.7834003617671608E16 6.574485135390512E16 7.4045024265636608E16 7.7487210433742832E16 8.3695397820151136E16 
E:
-2.334623136128829E24 -2.1675331759292006E24 -2.717090949356402E24 -3.2980878108337824E24 -3.356597357700121E24 -2.034920634928602E24 -2.3545923273471416E24 -3.201253831579189E24 -3.3099254622405314E24 -3.017108493292262E24 -2.623231884198938E24 -2.0273171237074893E24 -3.131281222315935E24 
MA:
-1.9814351800874003E24 -2.233684781951945E24 -1.4923876385868085E24 -2.412696641335538E24 -2.2192918412105045E24 -2.2728378093983467E24 -2.916011019809013E24 -2.1855224542899782E24 -2.2517648414907402E24 -3.0735211829723723E24 -2.4757607397657017E24 -1.8310415839025225E24 -1.745992390624918E24 
-2.4911932067053913E24 -2.652878642146623E24 -2.2340624085265752E24 -2.652038326196296E24 -2.490480066575762E24 -2.1039263323694437E24 -3.261827852834699E24 -2.005199527493394E24 -3.0148142580968993E24 -3.281704530931553E24 -2.6834902535822775E24 -2.3442615098366218E24 -1.3926338177418532E24 
-1.4477661671999282E24 -1.7919856163455028E24 -1.506643504381494E24 -1.6948087037843771E24 -1.913641585743853E24 -1.6645374258302773E24 -2.1053069791624425E24 -1.925471117854359E24 -1.773768869087419E24 -2.271898178025594E24 -1.7857336557369461E24 -1.5485798209501758E24 -1.138021093107644E24 
-1.9662850721728286E24 -2.2523478018874246E24 -1.665559834677363E24 -2.3954564149587501E24 -2.022237373945932E24 -2.220401012073427E24 -3.0771205577488836E24 -1.976741389427123E24 -2.3229346160739583E24 -2.848116949342103E24 -2.2221919369578833E24 -1.4411804374914871E24 -1.5565170889645476E24 
-1.4984603352259366E24 -1.7966284844242523E24 -1.7727892190574982E24 -1.87058425459306E24 -1.8487248674820415E24 -1.3330942331182173E24 -2.435239844059344E24 -1.5346187036577363E24 -1.6641978917850202E24 -1.9703157068848986E24 -1.7536479506306658E24 -1.504251871342971E24 -1.0676804073804054E24 
-2.026751685691447E24 -2.1976055665338482E24 -1.9742935480790714E24 -2.575106670132694E24 -2.378161372378227E24 -2.134691784396642E24 -3.307259132487595E24 -1.8780699676512094E24 -2.4162279939395435E24 -3.064010428882934E24 -2.4221331106174563E24 -1.614011835524536E24 -1.5590339459663802E24 
-2.317377629880199E24 -2.3140972058842817E24 -2.145872973726013E24 -2.531641856862853E24 -2.938811013655573E24 -1.8262180411276263E24 -3.0871682942646875E24 -2.3799276490673493E24 -2.401517859345195E24 -2.770259660685067E24 -2.299988147723677E24 -2.1131747084318877E24 -1.6576335663917075E24 
-2.056555684675792E24 -2.460898587264054E24 -2.1689682892653033E24 -2.9612117593604907E24 -2.9815339907100173E24 -2.5465869905588957E24 -3.355352265385075E24 -2.769827567994462E24 -2.5924749228258027E24 -3.388808490704947E24 -2.9071925478205594E24 -2.1153343876407943E24 -2.0928720433430882E24 
-2.0712048057800744E24 -2.2256977702237145E24 -2.1283006713174005E24 -2.644800375189283E24 -2.3908403730625358E24 -2.0551787252067342E24 -2.8869216132417046E24 -2.0300020455632643E24 -2.7301877958171006E24 -2.857281837767063E24 -2.299882995038986E24 -1.996559454985339E24 -1.2171939472418705E24 
-2.3699417117193127E24 -2.445997083875905E24 -2.303406621899586E24 -2.475001948548472E24 -2.5204501857028337E24 -2.0644249048951076E24 -2.9997621213727676E24 -2.1343302939673387E24 -2.8107214797611915E24 -3.0235174253020715E24 -2.5547856267030717E24 -2.0073861188465405E24 -1.1693510405345923E24 
-2.2703615299158278E24 -2.5558613711001584E24 -2.1160151945444174E24 -2.8484646846973583E24 -2.5227611303704475E24 -2.0329179375893472E24 -3.413784479592523E24 -2.3447527926705165E24 -2.7164841075525416E24 -3.126302207971326E24 -2.7690354147034234E24 -2.15194115848539E24 -1.909394960682075E24 
-1.525244447790837E24 -1.565423251753943E24 -1.3596810906491366E24 -1.9972119988115414E24 -1.6150523125982958E24 -1.783519423913976E24 -2.542875994834462E24 -1.6641477454114285E24 -1.7173548621041132E24 -2.3887565941683275E24 -1.7726238000923758E24 -1.0278557526267696E24 -1.3151809828541103E24 
-7.668913969264624E23 -1.6159851315139548E24 -1.8338418958905338E24 -1.965558101231189E24 -1.937643312589639E24 -1.62247264244467E24 -2.607636623817492E24 -1.3707338949681217E24 -1.704629323247867E24 -2.0036641893428383E24 -1.69297516401616E24 -1.007589155963043E24 -1.1950211177304367E24 
MG:
4.0878188169330488E16 3.2924662374224272E16 2.710242386071836E16 4.9155433536788616E16 2.566073611247192E16 2.3359873334932408E16 3.5490380548165612E16 2.415462597669624E16 3.4273862810100312E16 6.9242395749129552E16 4.6061105776573096E16 2.6543277525992544E16 1.6753410856573792E16 
4.8730799170988712E16 4.07482350791872E16 3.8801987727712152E16 4.7703623755613256E16 2.509772435887564E16 3.2457755591648984E16 4.1009876021741128E16 1.9412091632619312E16 3.9435887761170048E16 7.335598891144176E16 4.250666008759028E16 3.0606964466757344E16 2.124232642246544E16 
2.1713050818751992E16 1.8466988680878404E16 1.7481989722627952E16 1.9522980440603896E16 1.5857404845963472E16 1.0367139602658384E16 2.2728693241530736E16 5.552506374669912E15 1.43085064176954E16 3.9902536791746E16 1.9318178519326752E16 9.83214591044924E15 1.0869395629059716E16 
4.748047521157756E16 4.9812824625920608E16 4.1453110999574192E16 5.127157800141184E16 2.6586167274613048E16 2.8507110396378256E16 4.3153711842582688E16 3.1684865632480348E16 3.488086407179516E16 6.5882597112644208E16 3.6796832561783288E16 2.9109358792328424E16 2.9968508302906528E16 
2.0667110785469992E16 1.848543950475814E16 1.9313737860930904E16 1.4992790972315528E16 4.733858502561496E15 3.045291531522344E15 2.2240890473656848E16 6.857717507116296E15 5.219879297482112E15 3.751467645871704E16 2.4592175913277456E16 6.940317010455696E15 1.308696010413856E15 
3.7454455432346096E16 3.7026888582212016E16 3.3036474295787896E16 4.559964858686124E16 1.7718799285937144E16 1.8179291555720984E16 3.6228277742141144E16 1.3629182706159712E16 2.1623512273000328E16 6.3202257576475792E16 3.6406804558898488E16 1.6832263086377008E16 2.0647068376188376E16 
4.67418333248376E16 4.1947505820538816E16 4.580475455771968E16 4.9056125112215712E16 4.0387983518186304E16 2.2343503611911712E16 4.7581438291560368E16 3.004424734375882E16 3.83156491427552E16 6.6611120623369136E16 3.7575374788744272E16 3.6882769406867488E16 3.2533015753301052E16 
4.8536997340777584E16 5.0914104335428928E16 4.74544539286612E16 6.8333472277333904E16 4.2520534277863432E16 3.98646416874532E16 5.0672102152058032E16 3.824567001075824E16 4.1444065422278024E16 7.7376012244048016E16 6.1824326900234896E16 4.1248461925278672E16 3.6274891352486896E16 
3.396311077216076E16 3.2903544852181496E16 3.4453882847248664E16 4.0788087116817128E16 2.2177136602723736E16 2.1678780415883712E16 3.8145732585152944E16 1.8756277053482064E16 3.0241676506383208E16 5.7850590411639008E16 4.4364622731059688E16 2.6294062504211496E16 1.3848363934926552E16 
4.5598416620641632E16 4.3824433324983312E16 4.1525652888713072E16 4.3766819737897536E16 2.6406342969261864E16 2.453466776480328E16 4.4132230598728112E16 1.8112712950877528E16 3.3298377942514816E16 6.8716634009422888E16 4.1653288959744352E16 3.2312796503171952E16 1.615820700802532E16 
5.7958730231109304E16 5.6818923055820408E16 5.2761726871419848E16 6.6276022769159072E16 3.2167000465558692E16 3.6518639876359424E16 5.6218642958374272E16 3.9018277906223712E16 5.4149802983754912E16 8.5009403231880288E16 5.7228897262366896E16 3.834127736006904E16 3.651883033719256E16 
2.4155200682806208E16 2.5969677245063148E16 1.9535764928132128E16 3.1658948891892096E16 9.95114223307384E15 7.092547972369632E15 2.9956639015607988E16 1.1018654777386868E16 1.7485916232277588E16 4.8523385782882064E16 2.9745990729151748E16 1.0003576771011548E16 9.17742041427838E15 
1.582562096576945E16 2.7690345348068764E16 2.5623649941072824E16 2.1656005109060736E16 1.44096977598075E16 1.3931626165981092E16 3.5109795153881292E16 8.081343102343576E15 2.6139298814090232E16 4.4916782520994496E16 2.304030085509532E16 5.91867538167942E15 1.7304175010673796E16 
